,TotalMarketValue,OAS_5y,OAS_10y,OAS_30y,5s10s,10s30s
F,9457.0,114.0,136.0,163.0,22.0,27.0
WMT,5775.0,81.0,99.0,127.0,18.0,28.0
S,4032.0,108.0,135.0,168.0,27.0,33.0
COP,2468.0,88.0,107.0,209.0,19.0,102.0
T,2464.0,87.0,123.0,159.0,36.0,36.0
DD,2303.0,85.0,107.0,141.0,22.0,34.0
PG,2266.0,79.0,99.0,133.0,20.0,34.0
NOC,1940.0,164.0,181.0,231.0,17.0,50.0
DALR,1725.0,223.0,247.0,294.0,24.0,47.0
CFC,1506.0,129.0,165.0,223.0,36.0,58.0
DPH,1421.0,147.0,175.0,202.0,28.0,27.0
IBM,1331.0,75.0,97.0,132.0,22.0,35.0
RTN,1295.0,149.0,179.0,224.0,30.0,45.0
UTX,1264.0,102.0,112.0,160.0,10.0,48.0
CVX,1176.0,78.0,147.0,208.0,69.0,61.0
Total,,109.0,133.0,173.0,24.0,39.0
